| |100   |0000000123|1   |      |0001    |8796127100932       |                    |                    |      |0001  |     |     |      |                                                  |            |       |            |                |
| |100   |0000000206|1   |      |0001    |8796158689284       |                    |                    |      |      |     |     |      |                                                  |            |       |            |                |
| |100   |0000000246|1   |      |0001    |8796290711556       |                    |                    |      |      |     |     |      |                                                  |            |       |            |                |
| |100   |0000000251|1   |      |0001    |8796290351108       |                    |                    |      |      |     |     |      |                                                  |            |       |            |                |
| |100   |1001167742|1   |      |Z002    |8796197257220       |                    |                    |      |      |     |     |      |                                                  |            |       |            |                |
| |100   |1001391314|1   |      |Z002    |8796682977284       |                    |                    |      |      |     |     |      |                                                  |            |       |            |                |
| |100   |1001533324|1   |      |Z002    |8796682944516       |                    |                    |      |      |     |     |      |                                                  |            |       |            |                |
| |100   |1001770570|1   |      |Z002    |8796112322564       |                    |                    |      |      |     |     |      |                                                  |            |       |            |                |
| |100   |1001770573|1   |      |Z002    |8796158656516       |                    |                    |      |      |     |     |      |                                                  |            |       |            |                |
| |100   |1001770580|1   |      |Z002    |8796112355332       |                    |                    |      |      |     |     |      |                                                  |            |       |            |                |
| |100   |1001770587|1   |      |Z002    |8796110127108       |                    |                    |      |      |     |     |      |                                                  |            |       |            |                |
| |100   |1001770589|1   |      |Z002    |8796110094340       |                    |                    |      |      |     |     |      |                                                  |            |       |            |                |
| |100   |1001770595|1   |      |Z002    |8796112388100       |                    |                    |      |      |     |     |      |                                                  |            |       |            |                |
| |100   |1001770629|1   |      |Z002    |8796289728516       |                    |                    |      |      |     |     |      |                                                  |            |       |            |                |
| |100   |1001770630|1   |      |Z002    |8796289728516       |                    |                    |      |      |     |     |      |                                                  |            |       |            |                |
| |100   |1001770642|1   |      |Z002    |8796355264516       |                    |                    |      |      |     |     |      |                                                  |            |       |            |                |
| |100   |1001770649|1   |      |Z002    |8796420800516       |                    |                    |      |      |     |     |      |                                                  |            |       |            |                |
| |100   |1001770680|1   |      |Z002    |8796715712516       |                    |                    |      |      |     |     |      |                                                  |            |       |            |                |
| |100   |1001770682|1   |      |Z002    |8796453568516       |                    |                    |      |      |     |     |      |                                                  |            |       |            |                |
| |100   |1001770683|1   |      |Z002    |8796453601284       |                    |                    |      |      |     |     |      |                                                  |            |       |            |                |
| |100   |1001770685|1   |      |Z002    |8796486369284       |                    |                    |      |      |     |     |      |                                                  |            |       |            |                |
| |100   |1001770688|1   |      |Z002    |8796551872516       |                    |                    |      |      |     |     |      |                                                  |            |       |            |                |
| |100   |1001770697|1   |      |Z002    |8796617408516       |                    |                    |      |      |     |     |      |                                                  |            |       |            |                |
| |100   |1001770706|1   |      |Z002    |8796650209284       |                    |                    |      |      |     |     |      |                                                  |            |       |            |                |
| |100   |1001770707|1   |      |Z002    |8796125888516       |                    |                    |      |      |     |     |      |                                                  |            |       |            |                |
| |100   |1001770708|1   |      |Z002    |8796125921284       |                    |                    |      |      |     |     |      |                                                  |            |       |            |                |
| |100   |1001770709|1   |      |Z002    |8796125954052       |                    |                    |      |      |     |     |      |                                                  |            |       |            |                |
| |100   |1001770710|1   |      |Z002    |8796125986820       |                    |                    |      |      |     |     |      |                                                  |            |       |            |                |
| |100   |1001770711|1   |      |Z002    |9796682977284       |                    |                    |      |      |     |     |      |                                                  |            |       |            |                |
| |100   |1001770712|1   |      |Z002    |9396682977284       |                    |                    |      |      |     |     |      |                                                  |            |       |            |                |
| |100   |1001770713|1   |      |Z002    |9399682977284       |                    |                    |      |      |     |     |      |                                                  |            |       |            |                |
| |100   |1001770714|1   |      |Z002    |9399782977284       |                    |                    |      |      |     |     |      |                                                  |            |       |            |                |
| |100   |1001770715|1   |      |Z002    |9399982977284       |                    |                    |      |      |     |     |      |                                                  |            |       |            |                |
| |100   |1001770716|1   |      |Z002    |9999982977284       |                    |                    |      |      |     |     |      |                                                  |            |       |            |                |
| |100   |1001770717|1   |      |Z002    |9779982977284       |                    |                    |      |      |     |     |      |                                                  |            |       |            |                |
| |100   |1001770719|1   |      |Z002    |8796715745284       |                    |                    |      |      |     |     |      |                                                  |            |       |            |                |
| |100   |1001770724|1   |      |Z002    |8796748513284       |                    |                    |      |0001  |     |     |      |                                                  |            |       |            |                |
| |100   |1001770728|1   |      |Z002    |8796846784516       |                    |                    |      |      |     |     |      |                                                  |            |       |            |                |
| |100   |1001770729|1   |      |Z002    |8796846817284       |                    |                    |      |      |     |     |      |                                                  |            |       |            |                |
| |100   |1001770730|1   |      |Z002    |8796846850052       |                    |                    |      |      |     |     |      |                                                  |            |       |            |                |
| |100   |1001770737|1   |      |Z002    |8796912320516       |                    |                    |      |      |     |     |      |                                                  |            |       |            |                |
------------------------------------------------------------------------------------------------------------------------------------------------------------------------------------------------------------------------------------------------
